-1.570556
-0.001046
1.572821
-0.002050
1.575164
-0.002589
1.577915
-0.002743
1.581026
-0.002544
1.584476
-0.002008
1.588255
-0.001142
1.592358
0.000049
1.596783
0.001569
1.601538
0.003422
1.606625
0.005610
1.612049
0.008145
1.617822
0.011032
1.623950
0.014285
1.630445
0.017911
1.637322
0.021924
1.644588
0.026339
1.652258
0.031169
1.660352
0.036431
1.668882
0.042138
1.677865
0.048314
1.687322
0.054972
1.697267
0.062134
1.707725
0.069822
1.718714
0.078054
1.730255
0.086859
1.742376
0.096255
1.755096
0.106270
1.768441
0.116929
1.782434
0.128259
1.797108
0.140282
1.812482
0.153030
1.828588
0.166530
1.845451
0.180811
1.863099
0.195894
1.881556
0.211812
1.900850
0.228589
1.921003
0.246253
1.942044
0.264817
1.963989
0.284308
1.986858
0.304737
2.010664
0.326128
2.035419
0.348479
2.061130
0.371791
2.087797
0.396073
2.115415
0.421292
2.143966
0.447453
2.173434
0.474510
2.203786
0.502435
2.234977
0.531177
2.266968
0.560683
2.299698
0.590885
2.333096
0.621696
2.367084
0.653038
2.401570
0.684817
2.436471
0.716931
2.471682
0.749268
2.507089
0.781719
2.542591
0.814165
2.578077
0.846503
2.613439
0.878617
2.648563
0.910387
2.683345
0.941735
2.717691
0.972543
2.751510
1.002734
2.784714
1.032233
2.817235
1.060964
2.849012
1.088881
2.879989
1.115927
2.910113
1.142070
2.939358
1.167275
2.967698
1.191532
2.995112
1.214820
3.021595
1.237140
3.047138
1.258498
3.071750
1.278896
3.095432
1.298351
3.118203
1.316874
3.140083
1.334489
3.161083
1.351222
3.181232
1.367091
3.200556
1.382127
3.219074
1.396351
3.236819
1.409794
3.253811
1.422484
3.270082
1.434455
3.285659
1.445726
3.300575
1.456330
3.314847
1.466287
3.328509
1.475626
3.341578
1.484376
3.354091
1.492561
3.366066
1.500197
3.377521
1.507322
3.388488
1.513940
3.398983
1.520085
3.409028
1.525768
3.418647
1.531017
3.427849
1.535848
3.436663
1.540269
3.445102
1.544309
3.453183
1.547974
3.460916
1.551285
3.468326
1.554253
3.475420
1.556896
3.482212
1.559220
3.488718
1.561239
3.494951
1.562971
3.500922
1.564420
3.506639
1.565599
3.512110
1.566515
3.517356
1.567179
3.522379
1.567604
3.527189
1.567791
3.531791
1.567752
3.536198
1.567492
3.540420
1.567025
3.544463
1.566350
3.548329
1.565477
3.552026
1.564414
3.555566
1.563158
3.558951
1.561722
3.562186
1.560112
3.565282
1.558331
3.568238
1.556379
3.571062
1.554266
3.573759
1.551997
3.576329
1.549571
3.578787
1.546996
3.581129
1.544274
3.583358
1.541405
3.585483
1.538397
3.587503
1.535254
3.589427
1.531974
3.591254
1.528562
3.592986
1.525022
3.594632
1.521354
3.596188
1.517562
3.597661
1.513647
3.599055
1.509610
3.600371
1.505452
3.601609
1.501181
3.602771
1.496794
3.603868
1.492292
3.604894
1.487679
3.605851
1.482956
3.606746
1.478122
3.607574
1.473180
3.608343
1.468130
3.609054
1.462975
3.609706
1.457717
3.610304
1.452354
3.610846
1.446888
3.611336
1.441318
3.611776
1.435650
3.612164
1.429877
3.612504
1.424006
3.612798
1.418034
3.613048
1.411965
3.613252
1.405798
3.613412
1.399529
3.613530
1.393167
3.613606
1.386705
3.613643
1.380148
3.613643
1.373493
3.613602
1.366741
3.613526
1.359895
3.613411
1.352950
3.613264
1.345912
3.613082
1.338776
3.612867
1.331545
3.612617
1.324218
3.612338
1.316797
3.612024
1.309278
3.611684
1.301667
3.611313
1.293958
3.610912
1.286154
3.610484
1.278254
3.610028
1.270258
3.609544
1.262167
3.609035
1.253980
3.608499
1.245699
3.607938
1.237320
3.607354
1.228845
3.606743
1.220274
3.606110
1.211607
3.605453
1.202844
3.604773
1.193983
3.604070
1.185026
3.603348
1.175973
3.602602
1.166825
3.601836
1.157577
3.601050
1.148234
3.600243
1.138792
3.599417
1.129254
3.598572
1.119620
3.597708
1.109889
3.596825
1.100059
3.595923
1.090132
3.595005
1.080110
3.594068
1.069991
3.593114
1.059772
3.592143
1.049460
3.591153
1.039049
3.590150
1.028544
3.589130
1.017943
3.588094
1.007244
3.587041
0.996450
3.585974
0.985562
3.584893
0.974580
3.583796
0.963504
3.582685
0.952333
3.581559
0.941068
3.580418
0.929711
3.579266
0.918263
3.578097
0.906723
3.576916
0.895093
3.575721
0.883375
3.574515
0.871567
3.573296
0.859670
3.572061
0.847689
3.570816
0.835621
3.569558
0.823468
3.568288
0.811233
3.567006
0.798914
3.565712
0.786515
3.564405
0.774036
3.563088
0.761480
3.561761
0.748849
3.560421
0.736142
3.559069
0.723362
3.557707
0.710512
3.556334
0.697590
3.554951
0.684602
3.553555
0.671550
3.552152
0.658432
3.550735
0.645253
3.549309
0.632015
3.547874
0.618718
3.546429
0.605369
3.544973
0.591966
3.543507
0.578513
3.542032
0.565013
3.540547
0.551466
3.539052
0.537878
3.537549
0.524248
3.536035
0.510580
3.534512
0.496879
3.532980
0.483145
3.531438
0.469383
3.529887
0.455591
3.528327
0.441776
3.526759
0.427941
3.525183
0.414087
3.523596
0.400217
3.522002
0.386334
3.520397
0.372441
3.518786
0.358542
3.517164
0.344638
3.515535
0.330730
3.513898
0.316826
3.512250
0.302926
3.510597
0.289033
3.508934
0.275148
3.507261
0.261276
3.505583
0.247420
3.503894
0.233581
3.502199
0.219760
3.500495
0.205964
3.498782
0.192193
3.497061
0.178449
3.495334
0.164737
3.493597
0.151055
3.491852
0.137410
3.490100
0.123801
3.488340
0.110232
3.486572
0.096704
3.484797
0.083219
3.483013
0.069779
3.481221
0.056386
3.479420
0.043044
3.477613
0.029751
3.475797
0.016511
3.473974
0.003326
3.472143
-0.009803
3.470304
-0.022875
3.468457
-0.035889
3.466604
-0.048842
3.464740
-0.061735
3.462871
-0.074565
3.460993
-0.087331
3.459108
-0.100033
3.457214
-0.112668
3.455314
-0.125239
3.453404
-0.137741
3.451487
-0.150176
3.449562
-0.162542
3.447631
-0.174837
3.445689
-0.187065
3.443741
-0.199222
3.441786
-0.211306
3.439821
-0.223321
3.437850
-0.235263
3.435870
-0.247134
3.433883
-0.258934
3.431886
-0.270659
3.429883
-0.282316
3.427871
-0.293898
3.425851
-0.305409
3.423823
-0.316847
3.421788
-0.328213
3.419743
-0.339508
3.417691
-0.350731
3.415631
-0.361882
3.413562
-0.372963
3.411485
-0.383973
3.409401
-0.394913
3.407308
-0.405782
3.405204
-0.416580
3.403095
-0.427311
3.400976
-0.437972
3.398848
-0.448564
3.396712
-0.459090
3.394568
-0.469547
3.392415
-0.479939
3.390253
-0.490264
3.388082
-0.500523
3.385902
-0.510718
3.383714
-0.520849
3.381517
-0.530917
3.379309
-0.540921
3.377093
-0.550864
3.374869
-0.560744
3.372635
-0.570565
3.370391
-0.580325
3.368138
-0.590026
3.365878
-0.599668
3.363605
-0.609253
3.361324
-0.618781
3.359034
-0.628254
3.356733
-0.637670
3.354423
-0.647032
3.352102
-0.656340
3.349772
-0.665596
3.347431
-0.674798
3.345080
-0.683950
3.342720
-0.693050
3.340348
-0.702102
3.337967
-0.711104
3.335575
-0.720060
3.333171
-0.728967
3.330758
-0.737828
3.328334
-0.746643
3.325898
-0.755413
3.323451
-0.764140
3.320993
-0.772824
3.318524
-0.781464
3.316043
-0.790064
3.313551
-0.798622
3.311047
-0.807141
3.308530
-0.815621
3.306003
-0.824062
3.303462
-0.832467
3.300911
-0.840835
3.298346
-0.849166
3.295768
-0.857463
3.293179
-0.865726
3.290576
-0.873955
3.287960
-0.882151
3.285332
-0.890317
3.282689
-0.898451
3.280033
-0.906553
3.277364
-0.914627
3.274681
-0.922673
3.271983
-0.930690
3.269271
-0.938681
3.266545
-0.946646
3.263805
-0.954584
3.261049
-0.962499
3.258278
-0.970388
3.255493
-0.978254
3.252692
-0.986100
3.249875
-0.993922
3.247042
-1.001725
3.244194
-1.009507
3.241329
-1.017269
3.238447
-1.025014
3.235549
-1.032740
3.232634
-1.040450
3.229700
-1.048143
3.226750
-1.055821
3.223782
-1.063485
3.220796
-1.071134
3.217791
-1.078770
3.214767
-1.086394
3.211725
-1.094006
3.208663
-1.101609
3.205581
-1.109200
3.202479
-1.116784
3.199357
-1.124357
3.196214
-1.131924
3.193052
-1.139484
3.189867
-1.147037
3.186659
-1.154585
3.183431
-1.162130
3.180180
-1.169671
3.176906
-1.177209
3.173609
-1.184745
3.170287
-1.192280
3.166941
-1.199815
3.163572
-1.207350
3.160176
-1.214887
3.156756
-1.222427
3.153308
-1.229969
3.149836
-1.237516
3.146336
-1.245067
3.142807
-1.252625
3.139251
-1.260190
3.135665
-1.267762
3.132051
-1.275343
3.128407
-1.282934
3.124733
-1.290536
3.121027
-1.298150
3.117289
-1.305775
3.113518
-1.313415
3.109715
-1.321069
3.105877
-1.328740
3.102005
-1.336427
3.098097
-1.344134
3.094152
-1.351858
3.090171
-1.359604
3.086151
-1.367371
3.082093
-1.375160
3.077995
-1.382975
3.073856
-1.390814
3.069675
-1.398680
3.065452
-1.406574
3.061185
-1.414497
3.056872
-1.422452
3.052513
-1.430438
3.048108
-1.438459
3.043653
-1.446515
3.039149
-1.454608
3.034594
-1.462740
3.029986
-1.470911
3.025324
-1.479126
3.020605
-1.487384
3.015831
-1.495688
3.010998
-1.504039
3.006103
-1.512441
3.001147
-1.520895
2.996126
-1.529404
2.991040
-1.537968
2.985885
-1.546590
2.980660
-1.555275
2.975362
-1.564024
2.969990
-1.572840
2.964541
-1.581724
2.959010
-1.590682
2.953397
-1.599714
2.947700
-1.608825
2.941913
-1.618019
2.936036
-1.627299
2.930062
-1.636667
2.923990
-1.646130
2.917815
-1.655690
2.911535
-1.665351
2.905143
-1.675120
2.898637
-1.684999
2.892012
-1.694996
2.885261
-1.705116
2.878381
-1.715363
2.871364
-1.725746
2.864206
-1.736268
2.856900
-1.746941
2.849439
-1.757769
2.841814
-1.768760
2.834019
-1.779926
2.826043
-1.791275
2.817881
-1.802816
2.809518
-1.814562
2.800945
-1.826524
2.792151
-1.838715
2.783122
-1.851150
2.773844
-1.863844
2.764302
-1.876816
2.754477
-1.890085
2.744353
-1.903669
2.733907
-1.917594
2.723116
-1.931887
2.711954
-1.946574
2.700393
-1.961691
2.688398
-1.977275
2.675934
-1.993369
2.662958
-2.010020
2.649419
-2.027287
2.635262
-2.045237
2.620420
-2.063946
2.604814
-2.083510
2.588351
-2.104043
2.570918
-2.125682
2.552375
-2.148603
2.532549
-2.173025
2.511218
-2.199241
2.488092
-2.227638
2.462780
-2.258767
2.434735
-2.293432
2.403149
-2.332906
2.366749
-2.379397
2.323325
-2.437362
2.268415
-2.518582
2.190220
-2.684187
